[World]
Width=1370
Height=2000
PersonSpacing=20
PersonSpeedLower=50
PersonSpeedUpper=200
RetractSpeed=90
BuildRate=10

[Camera]
X=970.21826171875
Y=1344.03662109375

[Grid]
Rows=1
Cols=1

[FogOfWar]
Rows=150
Cols=150

[PathFinder]
Rows=100
Cols=100

//
// Hotspots
//

[Hotspot]
ID=0
X=560
Y=425

[Hotspot]
ID=1
X=810
Y=425

[Hotspot]
ID=2
X=685
Y=1650

//
// Node Types
//

[NodeType]
ID=1
Name=TwoWaySplit
IsParent=false
NumSegments=3
Radius=40
Spacing=80
GenSpacing=0
SightDistance=320
BuildRangeMin=0

[NodeType]
ID=2
Name=ThreeWaySplit
IsParent=false
NumSegments=4
Radius=80
Spacing=120
GenSpacing=0
SightDistance=320
BuildRangeMin=300

[NodeType]
ID=0
Name=Father
IsParent=true
NumSegments=2
Radius=50
Spacing=100
GenSpacing=1
SightDistance=400
BuildRangeMin=99999

//
// Players
//

[Player]
Type=Human
ID=0
Name=

//
// Nodes
//

[Node]
ID=0
Type=0
Seg[0]=0
GenCountDown=1
X=560
Y=425
Owner=0
Active=true
OwnsHotspot=0

[Node]
ID=1
Type=0
Seg[0]=0
GenCountDown=1
X=810
Y=425
Owner=0
Active=true
OwnsHotspot=1

//
// Segments
//

[Segment]
ID=0
Node[0]=0
Node[1]=1
EndLength[0]=250
EndLength[1]=250
Owner=0
State[0]=Complete
State[1]=Complete
Person[0]=
Person[1]=

//
// Geos
//

[Geo]
ID=0
Display=true
CloseLoop=true
Vertex=38.66650390625,49.88916015625
Vertex=1354.07080078125,48.156494140625
Vertex=1346.79077148438,1979.88818359375
Vertex=1187.73608398438,1966.802734375
Vertex=1181.8486328125,211.05615234375
Vertex=189.085205078125,214.7666015625
Vertex=196.63134765625,1973.857421875
Vertex=25.83203125,1982.3994140625

[Geo]
ID=2
Display=true
CloseLoop=true
Vertex=149.26806640625,1848.45239257813
Vertex=1252.3447265625,1844.40307617188
Vertex=1249.22607421875,1982.27197265625
Vertex=144.32568359375,1974.92211914063

[Geo]
ID=5
Display=true
CloseLoop=true
Vertex=411.542724609375,1478.8125
Vertex=414.4501953125,1166.978515625
Vertex=369.254638671875,1130.12060546875
Vertex=415.19873046875,1086.67358398438
Vertex=405.343017578125,1032.34619140625
Vertex=312.5654296875,936.94091796875
Vertex=382.93505859375,826.2939453125
Vertex=519.2138671875,846.176025390625
Vertex=572.08251953125,957.989990234375
Vertex=738.772705078125,1095.26489257813
Vertex=955.624267578125,1080.89965820313
Vertex=990.978515625,1050.41430664063
Vertex=987.681884765625,956.01513671875
Vertex=809.49755859375,956.118408203125
Vertex=593.448486328125,715.0361328125
Vertex=154.126220703125,721.736083984375
Vertex=144.877197265625,1475.33764648438

[Geo]
ID=8
Display=true
CloseLoop=true
Vertex=1246.52978515625,1449.53564453125
Vertex=1240.0654296875,1105.798828125
Vertex=1048.08203125,961.502685546875
Vertex=1040.78784179688,1054.94995117188
Vertex=1085.97534179688,1111.33471679688
Vertex=1035.44458007813,1163.49267578125
Vertex=1031.77954101563,1239.33715820313
Vertex=1089.32666015625,1322.12939453125
Vertex=1006.33251953125,1376.76000976563
Vertex=955.992919921875,1314.75854492188
Vertex=697.657958984375,1141.50708007813
Vertex=513.10400390625,1150.86694335938
Vertex=479.037353515625,1182.54467773438
Vertex=476.4140625,1474.92407226563

[Geo]
ID=9
Display=true
CloseLoop=true
Vertex=788.1279296875,1137.70141601563
Vertex=967.7802734375,1133.59399414063
Vertex=995.71044921875,1164.60205078125
Vertex=997.230712890625,1238.28515625
Vertex=975.35791015625,1264.91577148438

[Geo]
ID=10
Display=true
CloseLoop=true
Vertex=637.821044921875,1083.85546875
Vertex=502.287841796875,1099.09912109375
Vertex=472.74951171875,1073.01440429688
Vertex=480.67578125,1022.46948242188
Vertex=525.364013671875,1003.46435546875
